63942912684
12377614012
90952801237
49781030034
78106094461
77257686961
28680145816
37882817280
53014069881
56721584203
15736576735
61249878937
37191313308
83791724622
64804735113
61060567686
99143842569
78722539923
29256604947
24934492575
83878708551
54361485361
21930207958
76000005210
83096708922
30764374782
39922848563
89725654978
61616369313
83776954731
13628586699
46253211955
52000726536
96010643909
50181542617
50169561394
25044678441
43000048957
65542596200
85407224698
75792454315
82726507500
97006546658
54093513649
53188579090
51818692256
17151537450
69064946318
41075948444
53682143626
55390901239
87842457440
77950227010
97420694950
39181103288
81633873422
40234732081
83295983059
15050192660
90000049525
76131082374
32565549842
46095382791
29608297012
47065314758
12004251423
25548385225
99437071895
31411813344
73635882391
46472591335
59962540635
69154531870
57996964406
58072422925
48000026219
71050057620
60352822184
59241212544
82120298946
52234063906
41995651524
23385731870
53405952051
28746881862
28441859157
74275063688
79976580833
89704536022
22052110755
75112324384
32930142652
54141228346
65104033471
75101263834
55046572944
97352605141
60992323648
37972629513
69902290801
77130259424
39703442583
39075948435
73076581112
94178965125
12069130463
77191901062
60082451992
69330643210
11038579170
43887911651
77054038872
28081883623
15360992349
56002861789
39906010979
23445460050
32004364103
76115117274
33412983678
58113769710
54084540518
69139967794
63126506205
84002862213
18773507851
64066939786
44121436162
70388962804
13116093004
55028468715
16823190402
41041851866
88109464360
49082385091
18199714462
78128582383
31098197490
16127713731
71824382623
75073503536
19636743675
88851368006
20680689922
24000770598
16000009012
69187578153
42062119572
99367793956
75274949866
46081354752
56868161981
92714760055
60960501367
85744325709
92004971500
55432148598
64127467210
67390593649
27241053246
71519343254
63758127271
48894537905
11062802797
62330391937
45582438433
97236076288
12776097518
34096724033
80761286973
21006566972
62280551612
54216065828
61004453829
50055210378
39485211746
95084695045
34243342840
78115629662
13003683261
47008504587
50439643177
15000002522
48937228221
53443272865
47824127996
34002392636
77119417018
94273103460
27004788612
78345431247
15007143142
79004170772
17138445819
43709615471
56630732275
94429163573
81108409735
62164350216
33436160489
75099636610
80009663478
41291151944
75330451013
67128888157
91161127340
22145979344
41069508398
69004083247
41540918533
29335570988
50602044872
70929061516
79902601713
47002684737
33549081413
84100869421
95613049405
23598387218
93950059152
85067699024
33874656026
29067077696
50250769472
54145482051
80009670704
49389819484
23196005019
63310975211
41303129586
66266583978
99269630262
61083645505
34004228906
65959157751
29004167766
55860240349
57589503836
96001336269
58481949605
96088097929
34000025794
38132221820
37020000711
86510299250
59004927244
90270343237
55006036979
36054594375
47082585988
79000007723
83697381616
67008559331
31445392850
51104269221
50336714927
81173463438
66004574547
25000245269
63279515027
67919470104
97053431888
27081436919
49517603275
87000001641
69546559493
30996538219
85176448204
77004098748
14142750114
74052548400
80842843816
48006204548
67716279065
28911702061
50707052068
16008445707
54001276599
12130704648
14211506904
28109834719
35600251071
44104195922
18094733418
42406987921
43006014106
28930773403
98131762948
47308503618
12004131159
51116463846
66425322497
41082189035
15101252171
79004166349
11109853278
29525834783
70138284252
42197178675
61616825537
68531710498
25151052274
74762230429
88373466774
55760055094
70282579844
39050685971
52873017599
20520051758
41417513726
83090533174
98094529263
68434235147
32000016811
61004356192
69180683767
13806606081
98651789747
94314031069
18620620356
71340769746
49007349984
52791098115
28728322186
26066985408
63198215958
79245605610
11653875280
87137306917
97468305401
61426486715
16005650386
49991006857
77867961557
42419627410
78619140464
58001058215
41764930599
28041667312
21144950591
24004350798
39001425065
28004778081
52384635276
13004056660
57061035050
66006728785
29378746905
75549644535
89401152271
49810035782
36082907051
71424124816
36068572556
61068363235
86009278755
13310092237
35871085128
79110954055
85599875887
62124526760
41872516792
60629470092
71055702035
75101543608
91922863387
14005304432
54852922896
62003084928
93005091805
52082106821
83051576062
87938495176
47718250645
64571633458
57292556081
15447235771
57525935419
61004117668
96006640544
40002343615
15003765517
82517110268
92004057489
47805713748
47223656890
16001421727
26137533843
52006106556
62314475885
23539290973
94257215547
34429367893
45000062288
75126309510
24459030832
54448559588
19604981200
88002761855
75103326030
98103328249
14002967231
65103326049
69103326067
71103326076
73103326021
73103326085
98012260068
15958063508
97115906762
70735668826
98008419761
64010643857
60005712943
24224030235
94050110346
83000532696
76423184191
56676652018
14735458957
83147459461
29405919488
20075564340
27671719722
57004849987
94274897426
87093865840
35230889661
65106130188
68182536195
49052188717
14060936576
57004507644
76750969979
58009666193
42335622126
99000112729
73440041250
69118571547
69198255076
21565628438
22616685167
83169319110
48321126727
69649199658
27004987062
77630179279
14010160371
42002066604
82491958802
15742803718
42054887697
27619204808
42564989879
96003509073
93741842528
51166477318
52756107562
37002757155
82776447213
16095158222
70267397140
94907072159
93738995940
15190821561
46100632395
21430812751
19623496276
93492310839
89010901032
69062423924
87565053651
97543624082
63004280871
37167303687
17525594980
19004398145
64022404782
33010200567
81000017452
70413542847
11102379386
75833218709
67934884236
30087649223
36484293501
60137501510
42425200857
53081182685
87698939593
75124120431
14650323599
49569681928
85006266280
11069533482
63020415510
26316292581
62466078521
45010316462
62627137646
79057702959
18739426566
57246942907
26092744968
60292993543
36093516495
82386638023
22000048868
26243053105
95143353155
47746452183
82965609218
56161846149
12525707369
38843939110
94945905973
52008445485
99583297167
54010343227
99008610035
62564797956
18007342421
40411353768
22005988205
92393012622
96487116582
53007133646
22122101160
79036584364
52742627687
24719196762
46010733249
79934022952
33929275686
57750169695
43206946086
87616069977
72117050014
56749449191
79078299288
20851915039
83000250304
89000006137
12006421861
62778320798
49081303282
99062125034
52000399744
84010547994
32039179166
85002839607
61737393012
17523490546
34000223807
31001813403
34682819626
38750470952
95003777259
91463504363
37411684705
96005454704
17632901183
35129681376
90700613342
80051670020
31427412141
61028995366
30553510657
47731847898
50160344712
61113236554
25366214713
59679095963
85836591486
35020644975
11553592765
56857928614
33871420832
59150737849
37144841707
90390497050
82055042852
27553554594
79984899862
40685613219
78832912273
15660751609
88001259294
29541091501
97397067466
64090027044
30205934991
61138459015
87994725792
66219253940
71079817981
75108311655
85435210912
33834165805
11008484197
79000389319
48011019113
32346911898
40577146605
88712649015
28001154481
25891348696
44711074857
21590239241
18253453361
47008528461
48076830468
13127908187
37821970819
25269392713
29151647728
47003942603
87302064152
57611096092
58004239981
87396698358
45237572935
57967620066
99682331968
31071134024
49358864788
32082621092
30054142282
31377119683
88512104678
48106521439
81116806163
99000020762
84325837304
12698695317
46003380890
71010563256
95003454868
31122393702
42266391917
42398170634
23001507624
85771551845
90546015020
88982661608
28000030179
71689886006
93385672093
68071488241
19095566108
25002024839
69007000419
79002637069
74688640790
81098317125
22500997716
14786237480
23000014335
73744631571
35006101113
59263172184
78368138161
88846804347
25008453469
68474202939
74851544037
96010613135
94723829515
78053639115
67044718622
84000071741
51107446651
13989588483
86004162261
83003805043
59958929347
49133306902
68426085488
52633644137
22960687815
28410978058
52004734427
60105227987
51626296801
54817100517
45070276809
26005864282
87112051457
30063283143
64135762533
65270669079
68846923225
63762886113
15380879043
60964279191
97244688522
91653995238
93000818682
46197549317
20561690694
34003464202
18210132023
52918576363
47518653890
63006186812
66833133257
54570672877
71979619393
22934887047
41003864891
27002925153
40684026062
79817156681
88743606934
42672231245
55627223130
57167212302
42940977322
72003073185
12201708163
60006593488
84530647942
69793644351
75005031336
17976113930
46010575747
96166412580
88062387499
32451688039
36411746223
25057058097
50074253937
12000637267
35146117211
56003620620
50003076337
18708185908
17134323756
41003209952
36007093540
93970982732
84332675923
97007293478
56146754645
35621021366
66833644600
33905968697
40958401920
98081776687
90970605069
45516940607
80000374738
51836782003
82000479685
58136596444
42060262890
90085953331
17718002893
38010996997
91133279291
31892339645
63001965902
18119475872
84438432132
19054234141
75073413626
11456974518
37002745879
53579792912
29920168287
80910110919
76102674939
22005063589
54090829806
92491228162
58089460935
32426249055
17924244537
56121597206
50000018128
72092430361
21122807130
84129707937
17108486835
55149408519
37680837839
28067150010
18055208636
83652510424
78014531758
51072127238
14934762147
23378877687
60532803617
54858405236
11001832828
43260282081
75202218152
12004248631
87004238475
56161857905
80548669468
25341260292
88124860019
30377626064
43802617219
26055196533
74028270048
55002407294
72058829217
68000439047
99057292752
91096854385
37100512356
79441309051
39842385177
96723184640
16625756168
48394787253
92119459853
81627913668
37749190322
76000626193
40005962792
67867915909
15004264402
30815638618
19260278981
35146811181
16067557920
48132025024
93202389056
58390019481
40084136508
77286372776
53307557252
82475219563
19824140879
74248240139
58063049669
81213105600
53137537636
26005466124
49004260995
43445299430
31572638871
36771155427
39743357380
39662387026
40352930645
17141108241
94418826995
24128531078
38003805230
15010668774
57124159235
20072693700
20071400470
50006179906
93080116883
48933624228
78190379033
72231303818
32004260860
70320731384
40284552805
12451824370
37137083964
70084133667
85116873292
19004135246
49411415493
35439044725
20130052672
27076461360
55716243279
77142270315
51560125244
80074885073
22654201090
75467729203
96056479504
92003175335
48003155708
47986487998
58451731162
40841451911
49393204140
66001280628
54124559815
85214424729
61474495345
11397137539
28420825202
88003415450
97058777932
65900721348
79004256259
94539673709
54354917843
45072031874
24765357415
31008548650
59521407058
62001618391
27004534687
97007529124
48066780005
13567272378
80973805243
17870616829
17277640167
75471713846
55854467544
68003420657
62102206173
35744622695
25005670682
32002521342
47687603507
74096911312
87001667983
95321672835
11607902687
83171137764
44962667138
60644039907
52121486849
66004942287
67786892560
45949886423
91088504781
88662995577
78043769632
15922801869
38031375761
89277942075
11000047950
28165933435
26037589412
92454719723
27360485381
89363058392
65029363411
29100388412
42149714015
90731571498
87007967311
24941624663
70244601731
34100268969
64002746741
21366241150
57002540516
23005326849
35185427245
36429960466
80463885316
63482179408
68554957510
72618612652
69356899381
69061844380
95095433140
26589812647
80042512230
20069917095
70632695783
70309539954
12305614245
59004379748
79996123660
27009942269
33906785987
79146480515
91078159510
67648029405
88313730554
68601088375
85232014290
50981925239
25191803876
32075475731
55063453350
80961871513
24693089021
69383721991
71256484996
64064031714
37005705555
22411379840
62892984113
55979193909
44094272440
17197600778
27465964008
23005613589
62002650704
87000655845
19091211451
17206382663
32797454970
60134337778
87721201287
43422387456
50703845127
72119033261
69045286748
85062458016
89083901580
55445946512
85051706001
93085301640
42460434054
50963894213
58972867380
76009090715
55721195489
49238064968
70721984562
14101632094
14692540994
41072279559
94715755241
13072747187
89106434511
83153973481
66822314686
74136502022
80065091714
98077604961
96140017725
12395681169
75761829818
30453801358
21515661040
27003659461
40002862026
46070556642
31004992750
38006210546
48847193961
15072238554
45414098573
33007298008
67561712586
22010555389
52004705640
65069482829
69090630149
38735407819
50071444409
20003866859
60633552611
60001838777
92102547393
55199284048
91233584761
38955707429
57170810953
29001260153
18218156752
62090829842
19154969963
21232566368
91001255689
75628004405
57719437739
59613202819
43044164960
74508597839
55871470616
37882212480
28088649029
30770601765
84010124651
90680959928
56690276207
42002861225
78205894566
35002507655
98227492950
85097999347
95567786562
27613127821
50424852615
11673296731
99886741544
68004620651
78285019708
19087005407
13720984863
85060787466
43329562439
78446978431
90979742836
58350886124
86317183343
63876434375
27514658108
54334685198
32104373631
49341812398
69909623510
66647041988
15005751637
66129926503
27167737144
54213576984
70072864067
73115456230
86753159174
40009668553
27379973684
49161787684
42983626009
53142425527
50645632689
88023426543
76305392420
30410812417
42286760787
59005949539
85006162152
90001036915
72074354028
98138078092
99526627661
78613938606
43008543897
65938216556
84816192280
45075648378
81069213878
66028387386
64051369496
96052909887
45001335182
85066149666
72138953396
95127175473
98298298841
97710697803
98057582733
75092818445
14004258360
26958229758
35574604554
27768389307
84004789726
57626897081
96929977985
53843234838
40125905599
95853350232
51352201603
91552839641
67001692566
33502584264
91927549135
35430554780
83086151620
15698364348
22104797739
83024339234
44730854804
52105082460
30707020388
86437092401
67852185045
23004231654
44014623276
44001427587
58396200845
74002526007
68947459366
23234389617
90058186520
75002556872
27091810589
79020003383
56469208528
52945927066
22851187489
99620048104
50070581770
15286324686
49000388385
55610664963
13967571128
92448911618
46479304129
12689322721
60094976682
74874168589
31614578699
98372412842
38097528008
44686191895
71644037764
34586496769
95982458691
49590966061
75638080972
81257754846
49424200857
56030653829
12121673726
99004552809
87006456266
81350273467
42006173379
78065792878
89452137980
73112839184
89009739664
22835949499
61134398922
82826020881
44335130648
94121969523
24097262459
19010529898
21004947782
33174490373
46141203125
34002554636
99209950310
18087702537
90676577035
45002226619
53025685870
72000415127
57057493017
53265036982
84378990136
94008553393
43187636211
74005126107
22000637749
74002807525
41010636469
53384760480
29720771090
55454573163
31612340346
24413646602
70066591811
22138528953
84309124147
59032986751
61006067349
94674597413
23355314118
22001350410
18332550061
85845312459
18068557906
60002690833
33071318351
56957121036
40120240686
39069844211
72675673205
25386092124
68047988477
69386423601
53294327597
79205574216
62004963713
23559426439
76051958868
62788605234
31578509730
13382520396
14388745596
94267720173
33002306318
48313148724
96536879169
24763108298
37276356812
98651609161
44000049329
11648685928
96943089731
77391271977
68744309438
15204030155
77000007714
56782698956
47790824787
35856894236
39091427756
52008552341
57006305844
16917099053
99648182590
24635994048
86995142371
45005977837
48913061109
65004617467
17059209675
48243677427
26648709275
26855887452
69737849266
45000195960
81320581832
27002369557
33434271424
11005151771
39224287925
93827748379
70003420666
78084138207
30006070828
48804903003
91661481302
11262640922
42000355948
39447668688
19179291995
27417866116
59077570944
85001422895
84690246401
77453110936
60426516114
57229788559
28508204178
98010844005
80586414745
44862774649
68005866517
63201477650
93093357165
34101815212
29869163236
33123990539
99004859821
30211708504
25284162604
54901471942
44434349433
76185019966
27308230413
31521774656
23370778012
56385096184
63826265059
37002510456
89422779573
31012194762
29263185760
69403398133
58000020146
79067523335
58361125442
27002567197
16095377370
43287362778
84438069700
85911696182
99153945403
83008657850
40945008030
69948908547
55002400302
43037816628
89197685342
96071878478
77082486904
74150890046
25057964379
54217088400
84001797511
40594141285
20005187020
60693210407
93001157688
84480080247
67707600844
68003977160
51082083639
74121263545
35006667027
47663432388
31543456056
90985898668
24550946840
41825404384
11157291960
90754905644
72679932115
41001997404
33010333418
90660012399
85247695587
19132576395
44440882245
78099065184
41453243442
44058164891
29124784014
37808385753
66201173848
89733177486
19735368384
14471419445
22729829472
76132878678
18159468256
72314559490
55131861900
15117072303
99870995937
52856191254
87670414115
17002512370
55010151256
20420441021
46813997948
23582672273
28576417001
88058323827
38002704056
99123471787
60911845682
83881273108
16719204303
83052973387
79879413659
84001738370
94081270706
15010112580
57131178759
90119456237
81567107023
42947425570
48591633237
97411479164
72104553620
70855099082
48522054140
33905731767
19004239374
16028434077
57869492977
53107038684
58071050710
26587653803
69901418015
95527897647
61003829767
47476534312
94011048981
73670539526
94626363306
54002581008
70004245694
95428365701
23094121810
71177131171
53767468394
21163137979
60757756407
18552207718
95572025945
60899460216
87063397231
88438652383
95745747731
49363114556
75521463841
87518120221
16378409881
76541013859
83373110633
33479809020
52052435711
77131909405
48212321102
59894849518
50957990927
88880271123
61577218799
88120532199
43286882427
82301033868
59653914921
69000258864
77812307472
95397647121
75007408335
57489589904
99268572029
29064778927
55698759883
58097063584
38110021755
18092943318
68505198156
80154512026
50009648337
36151124408
69601856843
11004857827
47005498251
21952195236
60085245245
74068758654
26142187719
83508203243
63638645369
44388524321
17344959747
93086857310
73003130630
79512017310
12832689950
79672174943
65000919817
64921207464
34853168302
56006580883
11805856055
16000744141
37000029863
61141478748
31768204834
21328709826
50048081897
88151552322
63683694146
14930035197
64077478696
72172147547
97127072100
82136672681
16372021546
25143758370
53128213267
72157669672
47144786747
32001781013
52005403476
76000412715
21207516794
88004613067
91330198828
46006178641
63155856652
56004058084
65119727847
74087933784
90094852801
45420799633
39041514660
88081390926
64345181715
25000018842
93080271156
59000699918
38645298359
45002399608
79029702205
26046112702
93951300498
21985755464
67449738159
22098292150
53075648350
80000644404
42145949372
32058430069
64603377347
99202481137
16293921492
43829013154
79002823305
24081153773
59533729847
12907996697
83137849135
46135598097
85002535846
68641124230
86594412070
65440352199
17005315855
66673126160
57001894659
12102649968
40007008853
41553492886
56731473412
50151540886
38003164136
15562419440
63299096831
85542735663
96398231605
53054944366
82102951986
23001578105
40743864158
43824927762
48002506461
33586321325
54117167307
96289491286
97000710074
50003542087
18781854750
51000391186
54147539526
13037159114
92009656679
75634404198
11328366859
93863669897
56100021501
49062587071
11000073870
90138516072
81688672692
36001227854
33161297212
18097919607
33266477369
32150316895
99000049187
48197644631
24083075914
44621221644
73068989953
75641897929
12340717550
61002802164
11300386527
39004068106
94110128106
64612578909
51082296437
22813645129
98065827787
85376961684
93731388312
26318801524
71004196230
83786843940
13160259512
68322456718
29003036995
65650875007
23002288539
68093718766
24264115100
98002590169
26028393697
73000509982
91183168093
13553892971
83751600348
97002685761
40077109029
38875128921
59003849198
46165277211
20681711683
35581431498
51157944951
57003866135
16493424654
19458926573
38914321241
31078059248
12923232495
63003484204
89252074692
91000027654
18410165335
21969613449
19775686269
41548336605
54139936715
15183106575
58445181129
81781710702
35123321148
14671840186
94880354126
82166987098
34730372717
64965761315
47082572629
52384403816
87423943103
22526891208
28493561355
26247341510
77133156114
23002494198
27109607472
41003138898
37819228078
54096904574
57030516857
29195420868
33931811019
47044202152
84505051645
57714505919
46001333124
80411565844
52978566556
50605068127
20210842100
41210215016
89922774327
64203903469
39693317891
68089369013
32140019290
41099629566
52100601518
22007498482
14006180490
78096814130
44388204748
20677524269
67688394718
82352180784
87966979334
62823511055
37009737384
84385401739
79117529932
60740135753
90609659360
44087648977
48138795010
36763133867
57071693500
69498490297
67011031780
87922363588
19058556835
54116818613
84902959410
34288750981
98591304887
73941765364
85502986808
38837454881
85665600157
95385730104
55009292700
93276520359
65491575590
62843874179
54537182056
59739180494
75000026335
61009920914
43130353890
89140179111
21837366876
66826641728
49894561362
45147153035
82074394648
83095712886
51825578859
58006212693
75001792669
85073741796
53717682112
83243328398
85128635270
87346799642
43431300853
89003261112
62009477481
24829385690
51857084361
76343150267
94288195795
54085745820
88472527992
32278422608
92000042606
69060056639
58002378731
59153885968
56989187569
58189959002
24602181494
79082496697
26412756615
61000064353
29139294316
39293063049
74109600302
41645235080
53129945517
50706618998
16961535572
82586866464
21987748593
45121091506
94246288609
24145185904
75039376800
23082732027
92983576839
61744893606
21588603824
11792788665
17158970480
24131531874
72116666883
53151707765
49794051437
39231619354
77000333782
71174918661
30051602996
52006119964
55747953932
64796481099
95130530844
44055123692
60433691542
30140073178
79002885761
37107591864
53094161974
90338093554
13735747821
79121168867
53213778594
59818669239
41372481576
52137211931
64088399937
24218682610
48101485232
17543834323
50459971526
90243235502
51638037254
47976288533
74009669569
28633090475
89050329925
94000387324
15065676717
96105736392
71121239674
85109435618
40002286553
23107469054
52004419774
55023843043
69701270212
27152430914
46048051186
76604592013
57108025207
40102792174
39625853191
89002643594
88150599027
90125235047
53597112640
78699199412
89952764183
47237514581
12375462554
67019153391
91283538282
84117222063
44054606987
30585628518
26752880751
88009708810
65583429720
25085110379
73885107614
70810445855
34553520250
92091716063
78930526912
14509059060
51007032760
44001171115
79262349071
96002981013
47209006415
83414133153
25882350542
34102779699
97000662359
53000551575
78014990451
32085588656
53009481485
85193513499
83077259628
95057856569
54124789493
50504144271
65104710787
76801042457
18097944717
71005239510
50362120798
12021024389
53008502930
92626712083
69078516248
98638459658
59643754108
74001481107
75081448464
38926034500
64390015609
77442566847
38961317851
88002198905
76087992998
25003171373
36182057309
83552784476
31274929883
26150144841
42609591731
81174456784
16085028351
73890511469
60098462474
54206103034
14004087450
38523266751
39056645930
24317721493
86710277298
48249775566
69730945938
65803896330
65553697438
91540596804
43374156471
95724127583
49139387232
63097086292
16005363646
31506563698
22604123914
38006487663
77554239085
92619716188
80931522157
11037728335
88002738365
63054321985
95088480175
70149612183
29000041529
20004198074
90002296988
51088301713
36571092139
45004325713
53593064006
78625733551
21002407589
26564626453
25598708473
58872763811
27006718458
73693060685
95867354052
69645493865
93865911384
28368867854
28915832337
61187402536
99000257741
50957582595
39003125142
35390087628
61062197455
59009661705
20219616138
68004621461
85005596485
52264172378
28701176116
68855385327
14135898421
55023122445
58584532336
16471101475
38050327207
82007762018
96622788342
77052040516
25443413566
84001363766
33669507925
93169195127
21100229669
67096090372
48226792022
59675660953
27048553927
23320196297
79253351418
14655755023
94100487572
78324234201
88909510454
67796715775
27133833762
38156540952
50319909625
16464890778
51529677597
70785865844
68139453348
67498114972
65124826722
64772954892
41004605145
69037382574
46071021997
90800927522
20453957951
80099255106
63066828936
74089754227
58895584259
73000580825
41070511616
14137512972
44003474468
44120687149
69045491808
68094769347
25404127826
47078925658
26001273105
80571285716
44992419248
19432577078
21102927364
69150951670
94595597800
35083146865
12107368570
87968273417
78486149340
25001868542
86890254795
58239250649
96455346297
82358844282
74842318623
79400739310
39120172502
32415186787
62000993519
83329814437
57131036934
64178399734
30099056890
86248830078
49486762266
46002711819
40685448071
47776809174
19759066759
26071267359
17148392792
85693637001
42536278085
45267331045
69292755459
58076840250
79115673239
72517343363
91336868595
90504128547
72083136809
60085372863
24547377893
77620418137
66001998385
25056673164
59837469096
41784956769
32108796878
44276306251
11036231838
85085413832
61003668513
75631135125
81226840430
56009475898
42300586439
66028168206
56307226283
59476858149
83235786316
45000042848
27125926169
88097914219
43390598024
97694995462
61532930441
95108207854
97134682189
36640477592
87121604608
94493967364
47784043829
65010894541
87008554550
79348933297
26664868511
19009687030
71616242198
47179498234
49198915919
18727953078
22337975761
80493126872
56009931800
70229164745
41678975894
79872326186
41901391780
91004224211
44055920306
49616827762
49004875807
76024928396
38102285094
67931778069
27111398371
83459951020
73418859933
37814620674
89866800390
19508938522
15126757186
93097333018
89461142464
74283279529
24006194369
98653603543
65115853736
33104630837
26705229034
17113923032
85080854310
44661638970
35521456625
42844359134
95053182335
15032758344
52318962889
29252806279
45289437662
74659564981
65821709952
48827750273
88485417134
71688394380
53011008065
13164635256
86174396953
71212143177
79000124363
43974264930
95027347914
26002692748
93916072362
85091899426
71158308984
65441192585
61100274324
76115458743
73591401592
68095542886
48086804015
73721213191
12128608147
58628745743
79638718552
41978894573
42795179778
39002510465
49002661181
97442336082
61648216245
16894424879
65004281690
96050732197
31899232724
91595687124
46118617619
85534877167
88000533086
85399349965
89050523003
36660171727
27009483372
30108218076
16907068164
60172936617
74711038580
29138143911
47493430415
24086334058
55675909940
46195818978
73310402698
76502715855
28136819059
44147913200
28521424723
60833036996
76026154968
14810866868
43932956053
42926419181
17501517249
71103790665
75542604274
23001810500
72076481984
19821270742
55005939364
37112080350
93978549002
58004265016
51263215677
20301336967
37506673286
36154998320
98004769528
68740351622
11007434362
84114483091
18009790327
85107546293
72534020156
11453217641
63477154168
85082258946
37137658233
89742307083
51985238522
80098579684
60164138019
67089024936
82008629490
56327515336
75116583834
97890393797
40273517467
60128191882
85693448141
75402692795
18004852108
84168589417
14741949568
84075041324
58284634069
22056422407
61010617044
36064831965
71277362925
19612793471
63008656513
88117035408
47950172081
80425478831
21000476933
42998418300
83112818158
98001557419
98883183436
31174936410
11116314562
13005235647
21080188245
21578907988
93368853750
37008393146
57001594074
28239668377
51393866453
54543741436
70099276439
12078081848
18798524917
76673412879
70477599435
27061783015
60633920577
85215237980
52546729620
31060566029
33537766436
85000260033
67327135927
42006070882
84006670665
19135897255
33781979320
99002782970
72010655606
33855157759
44127774298
43640474751
61002643852
13152438152
27275578481
59629445857
76140949006
71085951631
89491770460
12136877702
92003351915
77006774189
88006441685
33163260204
35275538929
99023470408
85077086670
12487582597
76707214671
19104325340
51076875566
72162995104
22137225140
95460546261
59718397028
38633820168
83448059128
65220388194
26077364688
88125771587
16949282178
34145498571
45071386957
79119055588
12000767251
85053740828
99003794223
50218249225
86431340844
79625582771
77205956084
84145412423
12080135986
39945908513
14075838929
96247277272
45461578851
15136372248
71059213946
17575363535
41659735441
19489959315
74144621974
73254938683
74616312239
58008520394
14712954733
94023894610
51952388345
80013895485
78272188449
93118814207
39004717300
34093854267
91521738567
93000971399
73058889679
68010553965
77713415382
73064788834
27013077595
52105403209
96959495039
75091607420
49119150159
22462562261
17007289474
62099141689
90233549241
31158135157
61066384211
64863905537
45432652725
52923028382
18154252132
90507529241
67549544545
80002341791
58424308228
42077750693
23307801543
21380178317
56750876675
32068267816
52081388810
93866371626
62232748392
13002794318
56366368223
22351928443
27198905226
83837024255
98258180740
17860403129
42004238662
80392811855
62118664298
79133200905
98142986767
29925611272
35687125585
42042068751
64122588309
21002767624
92518972854
30069388679
62023234424
32993506954
57979349244
93667529294
79017381796
80010685239
49143249290
73818179759
76721607868
97682423506
32045057892
83007941362
93770396335
96059568482
90213359332
78904059049
22004705953
14374661392
85098918686
98304224784
93873449244
65000029541
61525698410
19114962346
15275099026
24616803717
43511367128
33204068025
46399854679
12131835338
99411356609
65128120981
27116376642
52019285564
98542894389
81220114097
62037866291
64452299187
69000165202
35128398336
64106265114
12129500125
38103181700
39481638523
60596346125
39010418943
52321336983
11279735826
97119800869
82010869566
33143602751
53086346830
91003829616
44002611905
88133044621
51009297941
80616763102
59457905483
32009508936
82062929908
79685451696
27992062054
62699449257
45843211237
42131904410
12886519613
78702338339
98140810929
93326194937
34315485759
80001753742
85706989105
46002679441
41627619405
17405793976
45008392372
63073804278
25524047301
20717071704
83124357753
57191470581
28099735672
41004522589
49129121259
55296973088
28997816595
77109689134
86000153560
39156317391
36662538731
84648346828
86129637412
46782960515
80266574133
26745853272
15673326983
25631095923
67747855042
48008389151
24513093013
88129092280
13506264631
95204648765
90859155652
27637350650
79956482260
72626519418
38060125340
19125799859
97075403959
20799711350
15146145320
52344074391
22131107576
52003732009
30085586784
12916571838
36789561975
32115957090
72392730576
21478064797
13553721764
77231384646
46002812259
56176528960
97137523605
83000729537
93118431066
82889922403
43418897717
24246681313
83058123729
83986646073
33180890151
97577321065
77821170929
65001562509
31905329561
13012989761
27036472702
85924354009
16007039536
58903786913
33448095343
71883665940
80726336645
13003396521
23395781583
54904801140
78619686550
87424450071
56000543046
16903452281
66677308681
75149124774
60820545954
88436518233
62231792803
30005089556
52086091670
78201437395
23273262009
91754568613
92342882170
41026835903
16308384841
91005954905
17724241788
92984346200
96356361867
23167293926
98973678779
26154156215
77681078648
45149783639
62466355654
39206062402
93365318099
36094426061
36301121574
74264019231
42706198071
74130443130
21871881074
62838507686
43010555478
38114166784
57050218568
72010545883
76088321260
22310160668
80726651249
72700201397
66935523192
44003846642
47368869748
97840401348
69140770526
83595212973
38154603664
83631337704
33266090956
40932620958
77896699763
95840287232
91648160010
79837939148
78985258434
40509711054
15134504377
26198473934
11569401714
64493941795
21147840202
53106385899
51740754277
71144929340
38030525380
84081031263
47869774019
36140829394
83128791828
17030032930
86109832091
53876725649
87194940961
39257387657
68591775282
51004948716
29396030183
64762103425
57094424530
19075853575
54584737016
32905460343
30802469401
39409262215
41590732798
63430709718
43100789937
86967991031
45462519542
26081230284
20147061074
35219126058
89147158869
23061066703
83744263104
64912167551
38484144815
15869788315
35092843322
95464608503
11001794396
95794292020
34104527879
20648948015
82056232143
95084083036
62907718590
14202143568
75114343725
70072269900
69004959764
24226632975
16838467261
90325712904
70172899396
45379121569
15144005229
70006203227
87142198507
77781966195
22969854283
94504497655
18335871034
27574071911
92126201791
66085654397
46544549175
67002598594
44665455609
17164181177
60366768375
66755070279
25010570011
73130299544
48208409903
62451202309
44139400963
35060581437
58948367990
97116599387
96004811116
36346808609
69009575517
71094768993
44263743151
21995516051
15719722342
37364538871
30061528747
82002796232
90068208266
41000640120
33078191287
47019431984
49645990559
68011074347
98879981198
51080593380
92149607616
36112122929
13725675136
30080560443
54139944572
99681939577
91130793725
38789840948
57008429961
97102844821
28790076403
49079016738
66120447850
23152639962
72521425914
17850072308
32140081223
81545321446
59735884485
54292278923
67185515538
65064790343
42030465053
69869909938
59135483055
34090653946
85122586341
17117362740
13061138181
13080037538
98003008928
78276937064
40180411445
78059613443
85696671223
80096930406
43005219134
88685970963
48018405843
76114480625
23228299594
69501608499
48185139569
72005269554
94914136687
38793064020
29123188367
42896489983
37513684597
23914943183
30000734921
27207334415
22636278306
59676359173
28586074047
25280938523
42328291151
47945812553
84490129361
53479771720
88002233212
52060049327
81828260688
59288290786
45575366820
62145872663
41939014428
87453775764
52149783309
38653930983
58276217958
17142913461
78051768015
55516735722
25361058242
69085148965
43814003201
84308043413
98174468325
91866280492
65159208867
33676754072
35651436607
67105374926
33989430445
27282523902
71459172253
19003242626
11370084009
50250642103
90233070202
87001251930
93004744763
19889708021
68398137238
12002892766
65026282241
71151740252
24526782466
21109372545
14313281746
44113484160
71032808826
56629079972
73862054986
75152868669
61118984697
46035793915
95505211826
82959041981
80114143802
94233654802
27685250740
22758048808
87652472253
34930265969
75153094087
89123037070
11339249064
25023841736
58348039573
64239344069
33143880219
69198102979
73821821595
77105326814
93006058135
33608166074
44147431627
46635422578
33028429736
35164318440
51003486655
16204058121
61000699927
77272419031
86093977621
56644054810
41688712705
17004545108
72060340132
81799531933
85020209355
63406151609
44351654945
69792585097
19124973584
26428090013
45926675900
15000692366
84364508081
17009666899
32127308856
65114782948
42950261731
68269979448
29109546358
90029510699
74281732516
38012868794
46789710580
18339193006
13294026244
38080191108
30933975671
83066351029
11972196014
48215510066
94006314030
31005134467
37008464426
95306039063
26089437717
64058664184
50002302776
50124231661
16029520255
35061495565
86610445079
22047661328
95003006415
65268033842
17750032469
76148970198
53843734425
37166302079
18893812464
32726745226
96862960044
11083730778
96857603497
17220911720
28081100245
97822091601
50103337775
24731933099
53001862102
76906623074
55003153240
75876234348
32438826190
46511872922
90120197220
81406067045
49861718108
85006716203
50209330385
12494922305
81088230184
88561206382
94418431354
84106876019
11982012992
96257427495
64030034809
79001477970
63946234656
42000038353
70788144013
38773835343
65290649733
98626252840
16098864058
19798396088
66681774486
60077562406
19010613626
16087937531
28154204052
90002556934
21006555184
31100686128
30455408814
40984610393
17008394250
81141682154
22062509346
20436120234
38122262060
90848840707
61512620317
14428357750
34575647667
75078973510
38136883915
63118017842
99572820584
68458677135
40374175692
80332424184
17066808782
64226440483
54090811911
66057731192
13238944953
35741776852
35000016446
92375794144
22477168898
72945177814
34108663891
60133272116
73510548920
78393719688
69002385999
66113794148
95852868044
84002485627
68686396447
39929678230
58147644844
20185204520
30009528173
97787651869
94599566265
70532305744
40373057638
54004553806
95022653791
25061985144
86815897260
25501859532
13000397080
56855769898
19050693706
41125288762
38981887768
60735953513
36526954677
78707526929
97830484491
70651539305
35891962862
57117772844
44788409937
34855604215
40584408967
54990500155
76088159335
42004265829
45824728031
61608982075
65951155647
94158486483
87036281903
51838756372
61009860164
84521764802
70003683565
98490435523
33381967585
33672804328
91967940892
61694845580
39135737429
52599089532
46754009138
90046512373
40848011291
53784654861
59001002281
31525925917
82738575371
18101770601
16158701912
12848180202
47530546968
40812604722
75002259154
67004508936
37131257175
33376893530
38153490076
15922811250
69001578301
45008499303
36974270612
84007325313
66583550652
12088941913
65188231459
24204476192
97025290868
96002837658
31652884437
33535931824
65196994121
11000761571
38599467782
26977854671
50771502014
22003384843
95935117479
24413439986
30855464402
26540881341
91115662989
59349106472
16435961698
29287581394
42147058980
28106610833
77137943554
33279399483
80672751592
12115954197
49008615950
86326410609
14006224219
21388376554
88441353792
90107744771
85940440965
43923245378
74002721217
42815468572
63780516146
69075532197
75000729064
66007973685
33132023342
19123284275
75005141944
58110470434
40102855403
88114581556
63848623948
95722374176
60164123844
99863968377
90298378833
68063926518
72620153045
78341606751
45880587855
86125183637
79717153908
72009486873
88583662563
33815565980
65023265336
73328550841
44844235607
78167391988
56466210178
92611594680
24254114823
50130519318
49766476774
49926811247
92641325719
35080496993
83002534590
69219779044
13559471814
41461770404
26811336442
47622186060
27003164092
39590707340
84515042040
93543834464
68157719296
71595544058
61603206488
33369748665
62158879292
24744170547
40004251101
75328393094
26921227970
70566158706
14188575324
31140801427
32684514418
32105234326
89068902821
34230442995
38113659848
72783974217
67003539366
26133927723
61661518664
55009670160
32099117638
56889097862
44387207638
55150102257
84793662265
37010544484
80402257330
46000381822
90302132669
87679869650
32255262915
14260253412
38741587563
15151708351
19780902470
97624824875
81168804199
45454866057
23151008606
48028049217
69155639151
88010168420
19219796904
32894812909
48160964812
18908141137
81365607437
47143207587
42542299495
19158409137
72110488554
90457233182
97006497632
58627282872
89077353086
46336987221
52096255177
72382006365
69130168231
17363433510
12996229221
68323215483
45175406445
32106937740
29009548618
61003881543
14389247348
17876334355
31545166079
32180310839
99651865692
37163346594
17304066465
12075357818
69855912037
82077897029
59019586160
61792127822
12845268429
81488033877
68061749675
49008600922
59616353093
31118194737
64823275267
80305073481
16687322465
67757001303
76509546639
72003044899
14154821182
29008754818
71364278922
65128994258
81829804365
62099071236
79081407534
77144980898
11005898251
26165041805
72422880547
21105748605
16134292103
47119833407
46754732927
67131752657
35495358198
45494705227
77002057025
47008479936
36240459588
16345352064
78002197677
32008237242
45096458909
60858806224
76640576694
87004781122
65009105677
13664835610
56123426111
89915142048
24165388125
48360657320
76646334628
39848842276
93082858361
34008581431
45828538184
67601964451
20001342301
76070062077
65088323273
78687002194
30151237419
59003829758
62078650439
91893787223
72662454226
88155904975
98095158633
68000499883
43781945884
20095674285
36887312252
97665422173
81806045990
48091406861
87151163544
84327268250
50005085585
88414853924
70136370422
33002852280
82068291234
35117060232
14162323715
27174635449
39275302584
99705363190
32084682579
28682273535
12996818166
34141060586
75967571784
80069275823
52100775236
29572118270
25826941179
85690831425
17007263916
44106457005
52133185421
29575527420
18371286615
65394329085
99123899052
31336592019
38160284842
44568352340
12101549508
99241689284
15211513464
86000008122
72150960183
78829657952
78096035773
14078574348
49336139849
48002905802
91001581693
21577023411
72052230363
47054295821
30103623033
87005015190
77000814997
14050095077
53352208491
93315659154
14541297399
88313953040
11229540191
22388977433
94284074898
38676218344
49108117667
61250757901
29001711771
75268186615
53108411570
38003354934
89497784003
43073450316
17616769309
25013018430
34256073685
99238594479
47197045372
88460410263
64248334146
85005064666
36837670575
26483932179
93141269016
96692166219
57250634865
95600229475
85040860246
76389462946
42350467994
62006245996
92713327348
80110135781
49500727562
68030475845
11285126970
69158150513
42004355739
52783974656
15068277271
17004391208
84886189369
19959277996
98451268318
84729908655
64205657017
78671652014
73832465622
73508659357
26062909402
96525412680
25159560720
90096093030
93742094681
23002979928
61318998219
71474796915
33107782196
49571003454
73639952959
19700455294
38359538201
22121906036
75944270255
48509932312
54097211348
91005140385
45526642576
47915006050
78683857984
68782768659
79786799140
17347634341
76147566792
89010179834
29187159478
60376254971
24030073661
21820901634
79071397629
82943013280
27006448291
22004350789
75127114185
87061300918
47580185399
24082751040
27597316940
64760663704
73768600616
87259968209
12171611328
12187447023
29004746490
46606326860
52114400301
16939630947
56756960564
64939210190
92140312385
25227042629
67350416062
80350498335
66915821481
85437969377
32942723464
23341979287
23058467721
23116814640
63792902850
64030753819
12004277418
62082838689
60126687723
87395581892
46928529260
11726998154
26263401676
76992296466
42631491436
53840787931
21114659415
45107759197
43739018552
86008649321
12132660291
90217607825
96760398961
55009562430
69131388102
55784349165
54004693687
11083080403
30132604552
84896417742
20739254710
87776964889
74096906964
81001990272
47542553950
49138909639
54902943787
76425451089
68404150813
54457752781
69163386801
71000089583
42408595468
41831668189
71787239268
87729621524
35071728295
16407737173
55490626489
94005628035
60693395913
93150401949
86008128226
81385190159
40295804029
11910522775
90093123418
75065087210
41413803073
54004228111
31030070820
71766845056
29028402977
16934032454
37730989411
90689711509
38546674040
87840715330
21723628502
41725993025
66613774252
54819606754
33845088568
70068034188
25788396746
46185332794
50528718035
25005371344
96066593100
60478008791
39102450706
64696474336
74503852854
24750600301
31537758165
43316521385
46112783114
26735070692
87690464536
51155974048
63002240459
70730187216
60100986676
28010581385
54113950392
25628146918
27068753524
58833071672
92087981510
63251188527
76787282761
40481078957
42761925547
92376697580
39352823116
70726532070
59871079468
47342342713
56001770207
53305038486
68554592464
70690554181
12271835080
23002474839
93005986952
14441535505
77561338573
85007704403
14020124537
89081008675
94939893932
57816895087
13638571138
15117678992
93069099279
13054394968
47799049841
13737853254
24459406828
95835952927
95058625152
57003440426
94352256492
84826588748
38564984197
65247826798
45074766224
13913632402
24898129866
18018123440
57485460977
60152560171
82024866345
67113817637
45397284351
82853483224
86752337898
64528634894
21005574210
28403073457
14381178268
50177609716
54270249817
29163986124
93000202111
62277366341
93065089736
55768913767
29468149802
17014661452
46931223741
25329156435
85231941250
27656108905
73189181668
99706303265
62006559413
26892177952
88890705424
23009544978
73136673893
59987174166
24073714744
54008641450
48725340574
94628523943
72867597283
96567876179
80991443722
87951254971
51522198365
23404857519
76775629005
85093140848
19099640743
74761361828
53115772051
19066884893
44761370938
17430927698
54060919735
25232471136
95312088062
22907664394
91581567489
36236331877
19350397588
37002520176
50001823267
40000382669
87096739234
82078288329
12058280961
80527241761
19134629146
71103943755
37003230546
43010105469
85231156705
98203019647
55476298583
63702018527
12743810800
31010120304
58727917558
82289769674
80420326680
16944385069
34189459642
60152951282
74480833588
27005085423
80684262632
32910661984
14139284647
87004352685
40682415215
20096092170
42980569986
35376907735
26539374087
18152542060
42132665804
24029783627
48906071306
15001007807
45914790985
90050041926
60803181261
18058179301
48738917341
97128147482
47760296929
45004076297
53838436582
87000083974
56116549798
54737842050
97409763363
72907827855
37976454009
88920977424
70544745870
72226625037
37630083018
38834458211
24668763144
28123318767
45175889400
75364593819
98002286419
62187546251
94110332226
17057925836
20734483458
42859078945
15029776626
38261343650
85709522051
19598209330
17157351722
22212785773
11116159701
82005110305
36660551871
94074894677
79954488428
20000186943
85802762786
57102400993
95072728968
88404764099
54227668981
75598992716
45719241234
43348779338
35811708391
45001327519
87497152415
41114826192
11345673368
47340827764
57057873242
28083676266
37341566326
84413249965
23584198987
29197914637
50673971631
13081056902
81090394261
29010233333
41199318216
59074375758
48501624659
45008663349
65665091236
84004418660
48264545457
54090993810
68052518840
51989937672
61810832919
39238335075
15031459336
71448628931
43282211503
59269211587
95812305161
64756700342
16616113793
77867587369
82908013504
54422123435
93235712322
25100958272
35023657150
75165574184
82225547102
67450051926
65142746271
95001673614
16404206269
81762701206
50155995930
55158538526
66114027649
38393476568
20123193117
91127532601
22633585704
46003392667
32906015312
95000253289
34009577806
39234731920
77108099967
52793899629
19005020128
78503428470
19065186949
82853278164
58028407525
60633576937
13248983008
67446414611
91509626599
51141273261
80989689839
69115730866
60551882816
65764484851
64379540010
65016845767
71864290475
81655409928
69739042634
24290176179
52930448673
81546601775
95902355609
62038119394
80993046712
43313932058
13544230983
66674941618
92001235310
28713967409
87072480123
75123196663
33612033770
85005633670
83035175830
90105098846
63228454803
65264236227
96514115810
25040435191
92156423755
90936762918
93091023906
91821953107
65509677939
81995476149
98793175507
69084797965
55513195881
97478220756
83062628960
76199089780
54616951385
74116106275
50000228302
90677510841
49087845323
71004204308
96111165363
69006703171
16590732465
49795985744
80784853864
90006691185
29577118972
84969731247
28233206511
76914884723
23005086279
33464288166
42463324744
81010918966
82099525039
30355300423
97685309417
75289693352
38357072053
60937578961
13117622732
59104961882
81954577424
64003466831
83892125083
28158509623
52537240740
26164251245
15741541128
55349267973
73094304711
15095139209
34005131171
45062537259
90669097252
24468892242
88995371685
42172400586
90981343510
27596610528
77297293936
27327074409
11868616092
15008119640
17342353411
36059251811
47567663518
95743643216
